# resolution=48
# scale=1.0
# transform=0,0,0
r,g,b,a
139,129,129,255
139,129,129,255
139,129,129,255
139,129,129,255
139,129,129,255
139,129,129,255
139,129,129,255
139,129,129,255
139,129,129,255
139,129,129,255
139,129,129,255
139,129,129,255
169,150,150,255
169,150,150,255
169,150,150,255
169,150,150,255
169,150,150,255
169,150,150,255
169,150,150,255
169,150,150,255
169,150,150,255
169,150,150,255
169,150,150,255
169,150,150,255
169,150,150,255
169,150,150,255
169,150,150,255
169,150,150,255
169,150,150,255
169,150,150,255
169,150,150,255
169,150,150,255
169,150,150,255
169,150,150,255
169,150,150,255
139,129,129,255
139,129,129,255
139,129,129,255
139,129,129,255
169,150,150,255
169,150,150,255
169,150,150,255
169,150,150,255
169,150,150,255
169,150,150,255
169,150,150,255
169,150,150,255
139,129,129,255
139,129,129,255
139,129,129,255
139,129,129,255
139,129,129,255
139,129,129,255
139,129,129,255
139,129,129,255
139,129,129,255
139,129,129,255
139,129,129,255
139,129,129,255
139,129,129,255
169,150,150,255
169,150,150,255
169,150,150,255
169,150,150,255
169,150,150,255
169,150,150,255
169,150,150,255
169,150,150,255
169,150,150,255
169,150,150,255
169,150,150,255
169,150,150,255
169,150,150,255
169,150,150,255
169,150,150,255
169,150,150,255
169,150,150,255
169,150,150,255
169,150,150,255
169,150,150,255
169,150,150,255
169,150,150,255
169,150,150,255
139,129,129,255
139,129,129,255
139,129,129,255
139,129,129,255
169,150,150,255
169,150,150,255
169,150,150,255
169,150,150,255
169,150,150,255
169,150,150,255
169,150,150,255
169,150,150,255
139,129,129,255
100,86,86,255
100,86,86,255
139,129,129,255
100,86,86,255
100,86,86,255
100,86,86,255
100,86,86,255
100,86,86,255
64,47,54,255
139,129,129,255
139,129,129,255
139,129,129,255
139,129,129,255
139,129,129,255
139,129,129,255
139,129,129,255
139,129,129,255
139,129,129,255
139,129,129,255
139,129,129,255
139,129,129,255
139,129,129,255
139,129,129,255
139,129,129,255
139,129,129,255
139,129,129,255
139,129,129,255
139,129,129,255
139,129,129,255
100,86,86,255
100,86,86,255
100,86,86,255
100,86,86,255
100,86,86,255
100,86,86,255
139,129,129,255
139,129,129,255
139,129,129,255
139,129,129,255
139,129,129,255
139,129,129,255
139,129,129,255
139,129,129,255
139,129,129,255
139,129,129,255
139,129,129,255
139,129,129,255
139,129,129,255
64,47,54,255
64,47,54,255
64,47,54,255
139,129,129,255
139,129,129,255
139,129,129,255
64,47,54,255
64,47,54,255
100,86,86,255
100,86,86,255
100,86,86,255
100,86,86,255
100,86,86,255
100,86,86,255
100,86,86,255
100,86,86,255
100,86,86,255
100,86,86,255
100,86,86,255
100,86,86,255
100,86,86,255
100,86,86,255
100,86,86,255
139,129,129,255
139,129,129,255
139,129,129,255
139,129,129,255
139,129,129,255
139,129,129,255
139,129,129,255
139,129,129,255
139,129,129,255
139,129,129,255
139,129,129,255
139,129,129,255
100,86,86,255
100,86,86,255
100,86,86,255
100,86,86,255
100,86,86,255
100,86,86,255
100,86,86,255
100,86,86,255
100,86,86,255
100,86,86,255
100,86,86,255
100,86,86,255
100,86,86,255
64,47,54,255
64,47,54,255
64,47,54,255
139,129,129,255
139,129,129,255
139,129,129,255
64,47,54,255
64,47,54,255
100,86,86,255
100,86,86,255
100,86,86,255
100,86,86,255
100,86,86,255
100,86,86,255
100,86,86,255
100,86,86,255
100,86,86,255
100,86,86,255
100,86,86,255
100,86,86,255
100,86,86,255
100,86,86,255
100,86,86,255
139,129,129,255
139,129,129,255
139,129,129,255
139,129,129,255
139,129,129,255
139,129,129,255
139,129,129,255
139,129,129,255
139,129,129,255
139,129,129,255
139,129,129,255
139,129,129,255
100,86,86,255
100,86,86,255
100,86,86,255
100,86,86,255
100,86,86,255
100,86,86,255
100,86,86,255
100,86,86,255
100,86,86,255
100,86,86,255
100,86,86,255
100,86,86,255
100,86,86,255
139,129,129,255
139,129,129,255
139,129,129,255
139,129,129,255
139,129,129,255
139,129,129,255
64,47,54,255
64,47,54,255
64,47,54,255
64,47,54,255
64,47,54,255
100,86,86,255
100,86,86,255
100,86,86,255
64,47,54,255
64,47,54,255
64,47,54,255
64,47,54,255
100,86,86,255
100,86,86,255
139,129,129,255
64,47,54,255
64,47,54,255
64,47,54,255
64,47,54,255
64,47,54,255
64,47,54,255
100,86,86,255
100,86,86,255
100,86,86,255
100,86,86,255
100,86,86,255
100,86,86,255
100,86,86,255
100,86,86,255
100,86,86,255
100,86,86,255
100,86,86,255
64,47,54,255
64,47,54,255
64,47,54,255
64,47,54,255
64,47,54,255
64,47,54,255
64,47,54,255
100,86,86,255
100,86,86,255
100,86,86,255
64,47,54,255
64,47,54,255
64,47,54,255
100,86,86,255
100,86,86,255
100,86,86,255
64,47,54,255
64,47,54,255
64,47,54,255
100,86,86,255
100,86,86,255
100,86,86,255
64,47,54,255
64,47,54,255
139,129,129,255
139,129,129,255
139,129,129,255
139,129,129,255
64,47,54,255
64,47,54,255
100,86,86,255
100,86,86,255
100,86,86,255
100,86,86,255
100,86,86,255
100,86,86,255
100,86,86,255
100,86,86,255
100,86,86,255
100,86,86,255
100,86,86,255
100,86,86,255
64,47,54,255
64,47,54,255
64,47,54,255
64,47,54,255
64,47,54,255
64,47,54,255
64,47,54,255
100,86,86,255
100,86,86,255
100,86,86,255
100,86,86,255
100,86,86,255
100,86,86,255
139,129,129,255
139,129,129,255
139,129,129,255
64,47,54,255
64,47,54,255
64,47,54,255
100,86,86,255
100,86,86,255
100,86,86,255
64,47,54,255
64,47,54,255
64,47,54,255
100,86,86,255
100,86,86,255
100,86,86,255
64,47,54,255
64,47,54,255
139,129,129,255
139,129,129,255
139,129,129,255
139,129,129,255
64,47,54,255
64,47,54,255
100,86,86,255
100,86,86,255
100,86,86,255
100,86,86,255
100,86,86,255
100,86,86,255
100,86,86,255
100,86,86,255
100,86,86,255
100,86,86,255
100,86,86,255
100,86,86,255
64,47,54,255
64,47,54,255
64,47,54,255
64,47,54,255
64,47,54,255
64,47,54,255
64,47,54,255
100,86,86,255
100,86,86,255
100,86,86,255
100,86,86,255
100,86,86,255
100,86,86,255
139,129,129,255
139,129,129,255
139,129,129,255
64,47,54,255
64,47,54,255
100,86,86,255
100,86,86,255
100,86,86,255
100,86,86,255
64,47,54,255
64,47,54,255
100,86,86,255
64,47,54,255
64,47,54,255
139,129,129,255
139,129,129,255
139,129,129,255
100,86,86,255
100,86,86,255
100,86,86,255
100,86,86,255
100,86,86,255
100,86,86,255
64,47,54,255
139,129,129,255
139,129,129,255
139,129,129,255
64,47,54,255
64,47,54,255
64,47,54,255
100,86,86,255
100,86,86,255
64,47,54,255
64,47,54,255
64,47,54,255
64,47,54,255
139,129,129,255
139,129,129,255
100,86,86,255
139,129,129,255
139,129,129,255
139,129,129,255
64,47,54,255
64,47,54,255
64,47,54,255
64,47,54,255
64,47,54,255
139,129,129,255
139,129,129,255
139,129,129,255
139,129,129,255
100,86,86,255
100,86,86,255
64,47,54,255
64,47,54,255
64,47,54,255
100,86,86,255
100,86,86,255
100,86,86,255
100,86,86,255
100,86,86,255
100,86,86,255
100,86,86,255
64,47,54,255
64,47,54,255
64,47,54,255
64,47,54,255
64,47,54,255
64,47,54,255
64,47,54,255
64,47,54,255
139,129,129,255
64,47,54,255
64,47,54,255
64,47,54,255
100,86,86,255
100,86,86,255
100,86,86,255
64,47,54,255
64,47,54,255
64,47,54,255
100,86,86,255
100,86,86,255
100,86,86,255
64,47,54,255
64,47,54,255
64,47,54,255
64,47,54,255
64,47,54,255
64,47,54,255
139,129,129,255
139,129,129,255
139,129,129,255
139,129,129,255
139,129,129,255
64,47,54,255
64,47,54,255
64,47,54,255
64,47,54,255
100,86,86,255
100,86,86,255
64,47,54,255
64,47,54,255
64,47,54,255
100,86,86,255
100,86,86,255
100,86,86,255
100,86,86,255
100,86,86,255
100,86,86,255
100,86,86,255
64,47,54,255
64,47,54,255
64,47,54,255
64,47,54,255
64,47,54,255
64,47,54,255
64,47,54,255
64,47,54,255
139,129,129,255
64,47,54,255
64,47,54,255
64,47,54,255
100,86,86,255
100,86,86,255
100,86,86,255
64,47,54,255
64,47,54,255
64,47,54,255
100,86,86,255
100,86,86,255
100,86,86,255
64,47,54,255
64,47,54,255
64,47,54,255
64,47,54,255
64,47,54,255
64,47,54,255
139,129,129,255
139,129,129,255
139,129,129,255
139,129,129,255
139,129,129,255
64,47,54,255
64,47,54,255
64,47,54,255
64,47,54,255
139,129,129,255
139,129,129,255
100,86,86,255
139,129,129,255
139,129,129,255
139,129,129,255
139,129,129,255
139,129,129,255
139,129,129,255
139,129,129,255
139,129,129,255
139,129,129,255
100,86,86,255
100,86,86,255
100,86,86,255
100,86,86,255
100,86,86,255
100,86,86,255
100,86,86,255
100,86,86,255
100,86,86,255
100,86,86,255
100,86,86,255
100,86,86,255
64,47,54,255
64,47,54,255
100,86,86,255
100,86,86,255
100,86,86,255
100,86,86,255
100,86,86,255
100,86,86,255
64,47,54,255
64,47,54,255
64,47,54,255
139,129,129,255
100,86,86,255
100,86,86,255
100,86,86,255
100,86,86,255
100,86,86,255
64,47,54,255
64,47,54,255
64,47,54,255
100,86,86,255
100,86,86,255
100,86,86,255
64,47,54,255
64,47,54,255
64,47,54,255
100,86,86,255
100,86,86,255
100,86,86,255
100,86,86,255
100,86,86,255
100,86,86,255
100,86,86,255
100,86,86,255
100,86,86,255
100,86,86,255
100,86,86,255
100,86,86,255
64,47,54,255
64,47,54,255
64,47,54,255
100,86,86,255
139,129,129,255
139,129,129,255
100,86,86,255
64,47,54,255
64,47,54,255
100,86,86,255
100,86,86,255
100,86,86,255
100,86,86,255
100,86,86,255
100,86,86,255
100,86,86,255
100,86,86,255
100,86,86,255
100,86,86,255
100,86,86,255
100,86,86,255
100,86,86,255
64,47,54,255
64,47,54,255
64,47,54,255
100,86,86,255
100,86,86,255
100,86,86,255
100,86,86,255
100,86,86,255
100,86,86,255
64,47,54,255
64,47,54,255
100,86,86,255
64,47,54,255
64,47,54,255
100,86,86,255
100,86,86,255
100,86,86,255
100,86,86,255
100,86,86,255
100,86,86,255
100,86,86,255
100,86,86,255
100,86,86,255
100,86,86,255
100,86,86,255
100,86,86,255
64,47,54,255
64,47,54,255
64,47,54,255
100,86,86,255
139,129,129,255
139,129,129,255
100,86,86,255
64,47,54,255
64,47,54,255
100,86,86,255
100,86,86,255
100,86,86,255
100,86,86,255
100,86,86,255
100,86,86,255
100,86,86,255
100,86,86,255
100,86,86,255
100,86,86,255
100,86,86,255
100,86,86,255
100,86,86,255
64,47,54,255
64,47,54,255
64,47,54,255
100,86,86,255
100,86,86,255
100,86,86,255
100,86,86,255
100,86,86,255
100,86,86,255
64,47,54,255
64,47,54,255
100,86,86,255
100,86,86,255
100,86,86,255
64,47,54,255
64,47,54,255
64,47,54,255
100,86,86,255
100,86,86,255
100,86,86,255
64,47,54,255
100,86,86,255
100,86,86,255
64,47,54,255
64,47,54,255
64,47,54,255
64,47,54,255
64,47,54,255
64,47,54,255
64,47,54,255
64,47,54,255
64,47,54,255
64,47,54,255
139,129,129,255
139,129,129,255
139,129,129,255
100,86,86,255
100,86,86,255
64,47,54,255
64,47,54,255
64,47,54,255
100,86,86,255
64,47,54,255
64,47,54,255
139,129,129,255
100,86,86,255
100,86,86,255
100,86,86,255
64,47,54,255
64,47,54,255
64,47,54,255
64,47,54,255
64,47,54,255
100,86,86,255
100,86,86,255
100,86,86,255
100,86,86,255
100,86,86,255
100,86,86,255
139,129,129,255
100,86,86,255
100,86,86,255
139,129,129,255
139,129,129,255
139,129,129,255
64,47,54,255
64,47,54,255
64,47,54,255
100,86,86,255
64,47,54,255
64,47,54,255
64,47,54,255
64,47,54,255
64,47,54,255
100,86,86,255
100,86,86,255
100,86,86,255
100,86,86,255
64,47,54,255
64,47,54,255
100,86,86,255
100,86,86,255
100,86,86,255
100,86,86,255
100,86,86,255
100,86,86,255
100,86,86,255
100,86,86,255
100,86,86,255
139,129,129,255
64,47,54,255
64,47,54,255
64,47,54,255
139,129,129,255
139,129,129,255
139,129,129,255
100,86,86,255
100,86,86,255
100,86,86,255
100,86,86,255
100,86,86,255
100,86,86,255
100,86,86,255
100,86,86,255
139,129,129,255
139,129,129,255
139,129,129,255
139,129,129,255
100,86,86,255
100,86,86,255
139,129,129,255
139,129,129,255
139,129,129,255
64,47,54,255
64,47,54,255
64,47,54,255
100,86,86,255
64,47,54,255
64,47,54,255
64,47,54,255
64,47,54,255
64,47,54,255
100,86,86,255
100,86,86,255
100,86,86,255
100,86,86,255
64,47,54,255
64,47,54,255
100,86,86,255
100,86,86,255
100,86,86,255
100,86,86,255
100,86,86,255
100,86,86,255
100,86,86,255
100,86,86,255
100,86,86,255
139,129,129,255
64,47,54,255
64,47,54,255
64,47,54,255
139,129,129,255
139,129,129,255
139,129,129,255
100,86,86,255
100,86,86,255
100,86,86,255
100,86,86,255
100,86,86,255
100,86,86,255
100,86,86,255
100,86,86,255
139,129,129,255
139,129,129,255
139,129,129,255
139,129,129,255
64,47,54,255
64,47,54,255
64,47,54,255
64,47,54,255
64,47,54,255
100,86,86,255
100,86,86,255
100,86,86,255
64,47,54,255
64,47,54,255
64,47,54,255
100,86,86,255
100,86,86,255
100,86,86,255
100,86,86,255
100,86,86,255
100,86,86,255
139,129,129,255
100,86,86,255
100,86,86,255
100,86,86,255
64,47,54,255
64,47,54,255
64,47,54,255
100,86,86,255
100,86,86,255
64,47,54,255
64,47,54,255
64,47,54,255
64,47,54,255
100,86,86,255
100,86,86,255
100,86,86,255
100,86,86,255
100,86,86,255
100,86,86,255
100,86,86,255
100,86,86,255
100,86,86,255
100,86,86,255
100,86,86,255
100,86,86,255
100,86,86,255
100,86,86,255
64,47,54,255
64,47,54,255
64,47,54,255
64,47,54,255
139,129,129,255
139,129,129,255
64,47,54,255
64,47,54,255
64,47,54,255
100,86,86,255
100,86,86,255
100,86,86,255
100,86,86,255
100,86,86,255
100,86,86,255
64,47,54,255
100,86,86,255
100,86,86,255
100,86,86,255
100,86,86,255
100,86,86,255
100,86,86,255
64,47,54,255
64,47,54,255
64,47,54,255
139,129,129,255
139,129,129,255
139,129,129,255
139,129,129,255
139,129,129,255
139,129,129,255
139,129,129,255
139,129,129,255
100,86,86,255
100,86,86,255
100,86,86,255
64,47,54,255
64,47,54,255
64,47,54,255
64,47,54,255
64,47,54,255
64,47,54,255
64,47,54,255
64,47,54,255
64,47,54,255
100,86,86,255
64,47,54,255
64,47,54,255
64,47,54,255
100,86,86,255
100,86,86,255
100,86,86,255
139,129,129,255
139,129,129,255
64,47,54,255
64,47,54,255
64,47,54,255
100,86,86,255
100,86,86,255
100,86,86,255
100,86,86,255
100,86,86,255
100,86,86,255
64,47,54,255
100,86,86,255
100,86,86,255
100,86,86,255
100,86,86,255
100,86,86,255
100,86,86,255
64,47,54,255
64,47,54,255
64,47,54,255
139,129,129,255
139,129,129,255
139,129,129,255
139,129,129,255
139,129,129,255
139,129,129,255
139,129,129,255
139,129,129,255
100,86,86,255
100,86,86,255
100,86,86,255
64,47,54,255
64,47,54,255
64,47,54,255
64,47,54,255
64,47,54,255
64,47,54,255
64,47,54,255
64,47,54,255
64,47,54,255
100,86,86,255
64,47,54,255
64,47,54,255
64,47,54,255
100,86,86,255
100,86,86,255
100,86,86,255
100,86,86,255
100,86,86,255
100,86,86,255
100,86,86,255
100,86,86,255
139,129,129,255
139,129,129,255
139,129,129,255
64,47,54,255
64,47,54,255
64,47,54,255
64,47,54,255
64,47,54,255
64,47,54,255
64,47,54,255
64,47,54,255
64,47,54,255
64,47,54,255
100,86,86,255
100,86,86,255
100,86,86,255
100,86,86,255
100,86,86,255
100,86,86,255
100,86,86,255
100,86,86,255
100,86,86,255
100,86,86,255
100,86,86,255
64,47,54,255
100,86,86,255
100,86,86,255
100,86,86,255
100,86,86,255
100,86,86,255
139,129,129,255
139,129,129,255
139,129,129,255
139,129,129,255
139,129,129,255
139,129,129,255
139,129,129,255
139,129,129,255
139,129,129,255
139,129,129,255
139,129,129,255
139,129,129,255
64,47,54,255
100,86,86,255
100,86,86,255
100,86,86,255
64,47,54,255
64,47,54,255
64,47,54,255
64,47,54,255
64,47,54,255
139,129,129,255
139,129,129,255
139,129,129,255
139,129,129,255
64,47,54,255
64,47,54,255
64,47,54,255
64,47,54,255
64,47,54,255
64,47,54,255
64,47,54,255
64,47,54,255
64,47,54,255
64,47,54,255
64,47,54,255
64,47,54,255
64,47,54,255
64,47,54,255
64,47,54,255
64,47,54,255
64,47,54,255
100,86,86,255
100,86,86,255
100,86,86,255
100,86,86,255
64,47,54,255
64,47,54,255
64,47,54,255
64,47,54,255
64,47,54,255
64,47,54,255
139,129,129,255
139,129,129,255
100,86,86,255
100,86,86,255
100,86,86,255
100,86,86,255
139,129,129,255
139,129,129,255
100,86,86,255
100,86,86,255
100,86,86,255
100,86,86,255
64,47,54,255
64,47,54,255
64,47,54,255
64,47,54,255
64,47,54,255
139,129,129,255
139,129,129,255
139,129,129,255
139,129,129,255
64,47,54,255
64,47,54,255
64,47,54,255
64,47,54,255
64,47,54,255
64,47,54,255
64,47,54,255
64,47,54,255
64,47,54,255
64,47,54,255
64,47,54,255
64,47,54,255
64,47,54,255
64,47,54,255
64,47,54,255
64,47,54,255
64,47,54,255
100,86,86,255
100,86,86,255
100,86,86,255
100,86,86,255
64,47,54,255
64,47,54,255
64,47,54,255
64,47,54,255
64,47,54,255
64,47,54,255
139,129,129,255
139,129,129,255
100,86,86,255
100,86,86,255
100,86,86,255
100,86,86,255
139,129,129,255
139,129,129,255
100,86,86,255
64,47,54,255
64,47,54,255
64,47,54,255
64,47,54,255
64,47,54,255
64,47,54,255
64,47,54,255
64,47,54,255
64,47,54,255
64,47,54,255
64,47,54,255
100,86,86,255
100,86,86,255
100,86,86,255
100,86,86,255
100,86,86,255
100,86,86,255
100,86,86,255
64,47,54,255
64,47,54,255
64,47,54,255
64,47,54,255
64,47,54,255
64,47,54,255
100,86,86,255
100,86,86,255
100,86,86,255
100,86,86,255
100,86,86,255
100,86,86,255
64,47,54,255
64,47,54,255
64,47,54,255
64,47,54,255
64,47,54,255
100,86,86,255
64,47,54,255
64,47,54,255
100,86,86,255
100,86,86,255
100,86,86,255
64,47,54,255
64,47,54,255
64,47,54,255
139,129,129,255
139,129,129,255
139,129,129,255
64,47,54,255
64,47,54,255
64,47,54,255
139,129,129,255
139,129,129,255
139,129,129,255
100,86,86,255
100,86,86,255
100,86,86,255
100,86,86,255
100,86,86,255
100,86,86,255
100,86,86,255
100,86,86,255
100,86,86,255
100,86,86,255
139,129,129,255
139,129,129,255
139,129,129,255
100,86,86,255
100,86,86,255
100,86,86,255
100,86,86,255
100,86,86,255
100,86,86,255
100,86,86,255
100,86,86,255
100,86,86,255
100,86,86,255
100,86,86,255
139,129,129,255
139,129,129,255
139,129,129,255
139,129,129,255
139,129,129,255
139,129,129,255
139,129,129,255
139,129,129,255
139,129,129,255
139,129,129,255
139,129,129,255
139,129,129,255
100,86,86,255
100,86,86,255
100,86,86,255
64,47,54,255
64,47,54,255
64,47,54,255
64,47,54,255
64,47,54,255
64,47,54,255
139,129,129,255
139,129,129,255
139,129,129,255
100,86,86,255
100,86,86,255
100,86,86,255
100,86,86,255
100,86,86,255
100,86,86,255
100,86,86,255
100,86,86,255
100,86,86,255
100,86,86,255
139,129,129,255
139,129,129,255
139,129,129,255
100,86,86,255
100,86,86,255
100,86,86,255
100,86,86,255
100,86,86,255
100,86,86,255
100,86,86,255
100,86,86,255
100,86,86,255
100,86,86,255
100,86,86,255
139,129,129,255
139,129,129,255
139,129,129,255
139,129,129,255
139,129,129,255
139,129,129,255
139,129,129,255
139,129,129,255
139,129,129,255
139,129,129,255
139,129,129,255
139,129,129,255
100,86,86,255
100,86,86,255
100,86,86,255
64,47,54,255
64,47,54,255
64,47,54,255
64,47,54,255
100,86,86,255
100,86,86,255
100,86,86,255
100,86,86,255
100,86,86,255
100,86,86,255
64,47,54,255
64,47,54,255
100,86,86,255
64,47,54,255
64,47,54,255
64,47,54,255
64,47,54,255
64,47,54,255
100,86,86,255
100,86,86,255
100,86,86,255
139,129,129,255
139,129,129,255
139,129,129,255
139,129,129,255
139,129,129,255
139,129,129,255
139,129,129,255
64,47,54,255
64,47,54,255
64,47,54,255
64,47,54,255
64,47,54,255
139,129,129,255
139,129,129,255
139,129,129,255
64,47,54,255
64,47,54,255
64,47,54,255
100,86,86,255
100,86,86,255
100,86,86,255
139,129,129,255
64,47,54,255
64,47,54,255
100,86,86,255
100,86,86,255
100,86,86,255
100,86,86,255
100,86,86,255
100,86,86,255
64,47,54,255
100,86,86,255
100,86,86,255
139,129,129,255
139,129,129,255
139,129,129,255
139,129,129,255
139,129,129,255
139,129,129,255
139,129,129,255
139,129,129,255
139,129,129,255
139,129,129,255
64,47,54,255
64,47,54,255
64,47,54,255
64,47,54,255
64,47,54,255
100,86,86,255
100,86,86,255
100,86,86,255
100,86,86,255
100,86,86,255
100,86,86,255
64,47,54,255
100,86,86,255
100,86,86,255
100,86,86,255
139,129,129,255
139,129,129,255
64,47,54,255
64,47,54,255
64,47,54,255
64,47,54,255
64,47,54,255
64,47,54,255
64,47,54,255
100,86,86,255
100,86,86,255
100,86,86,255
100,86,86,255
100,86,86,255
100,86,86,255
64,47,54,255
64,47,54,255
64,47,54,255
64,47,54,255
64,47,54,255
139,129,129,255
100,86,86,255
100,86,86,255
139,129,129,255
139,129,129,255
139,129,129,255
139,129,129,255
139,129,129,255
139,129,129,255
139,129,129,255
139,129,129,255
139,129,129,255
139,129,129,255
64,47,54,255
64,47,54,255
64,47,54,255
64,47,54,255
64,47,54,255
100,86,86,255
100,86,86,255
100,86,86,255
100,86,86,255
100,86,86,255
100,86,86,255
64,47,54,255
100,86,86,255
100,86,86,255
100,86,86,255
139,129,129,255
139,129,129,255
64,47,54,255
64,47,54,255
64,47,54,255
64,47,54,255
64,47,54,255
64,47,54,255
64,47,54,255
100,86,86,255
100,86,86,255
100,86,86,255
100,86,86,255
100,86,86,255
100,86,86,255
64,47,54,255
64,47,54,255
64,47,54,255
64,47,54,255
64,47,54,255
139,129,129,255
139,129,129,255
139,129,129,255
139,129,129,255
64,47,54,255
64,47,54,255
64,47,54,255
64,47,54,255
64,47,54,255
64,47,54,255
64,47,54,255
64,47,54,255
139,129,129,255
139,129,129,255
139,129,129,255
139,129,129,255
139,129,129,255
139,129,129,255
100,86,86,255
100,86,86,255
100,86,86,255
64,47,54,255
64,47,54,255
64,47,54,255
64,47,54,255
64,47,54,255
64,47,54,255
64,47,54,255
64,47,54,255
64,47,54,255
64,47,54,255
64,47,54,255
64,47,54,255
100,86,86,255
139,129,129,255
139,129,129,255
139,129,129,255
64,47,54,255
64,47,54,255
64,47,54,255
100,86,86,255
100,86,86,255
100,86,86,255
100,86,86,255
100,86,86,255
100,86,86,255
100,86,86,255
100,86,86,255
64,47,54,255
100,86,86,255
100,86,86,255
139,129,129,255
100,86,86,255
100,86,86,255
64,47,54,255
64,47,54,255
64,47,54,255
100,86,86,255
100,86,86,255
100,86,86,255
100,86,86,255
100,86,86,255
100,86,86,255
64,47,54,255
64,47,54,255
64,47,54,255
64,47,54,255
100,86,86,255
100,86,86,255
100,86,86,255
100,86,86,255
100,86,86,255
100,86,86,255
100,86,86,255
100,86,86,255
100,86,86,255
100,86,86,255
100,86,86,255
100,86,86,255
100,86,86,255
100,86,86,255
100,86,86,255
100,86,86,255
100,86,86,255
100,86,86,255
139,129,129,255
139,129,129,255
64,47,54,255
64,47,54,255
64,47,54,255
100,86,86,255
100,86,86,255
100,86,86,255
100,86,86,255
100,86,86,255
100,86,86,255
100,86,86,255
100,86,86,255
100,86,86,255
139,129,129,255
100,86,86,255
100,86,86,255
64,47,54,255
64,47,54,255
64,47,54,255
100,86,86,255
100,86,86,255
100,86,86,255
100,86,86,255
100,86,86,255
100,86,86,255
64,47,54,255
64,47,54,255
64,47,54,255
64,47,54,255
100,86,86,255
100,86,86,255
100,86,86,255
100,86,86,255
100,86,86,255
100,86,86,255
100,86,86,255
100,86,86,255
100,86,86,255
100,86,86,255
100,86,86,255
100,86,86,255
100,86,86,255
100,86,86,255
100,86,86,255
100,86,86,255
100,86,86,255
100,86,86,255
139,129,129,255
139,129,129,255
64,47,54,255
64,47,54,255
64,47,54,255
100,86,86,255
100,86,86,255
100,86,86,255
100,86,86,255
100,86,86,255
100,86,86,255
100,86,86,255
64,47,54,255
64,47,54,255
64,47,54,255
64,47,54,255
64,47,54,255
139,129,129,255
139,129,129,255
139,129,129,255
139,129,129,255
64,47,54,255
64,47,54,255
64,47,54,255
64,47,54,255
64,47,54,255
64,47,54,255
100,86,86,255
100,86,86,255
100,86,86,255
139,129,129,255
139,129,129,255
139,129,129,255
100,86,86,255
100,86,86,255
100,86,86,255
100,86,86,255
100,86,86,255
100,86,86,255
100,86,86,255
100,86,86,255
64,47,54,255
64,47,54,255
64,47,54,255
64,47,54,255
100,86,86,255
100,86,86,255
100,86,86,255
139,129,129,255
139,129,129,255
139,129,129,255
139,129,129,255
139,129,129,255
139,129,129,255
64,47,54,255
64,47,54,255
64,47,54,255
64,47,54,255
64,47,54,255
64,47,54,255
64,47,54,255
64,47,54,255
64,47,54,255
100,86,86,255
100,86,86,255
100,86,86,255
100,86,86,255
100,86,86,255
64,47,54,255
100,86,86,255
100,86,86,255
139,129,129,255
139,129,129,255
139,129,129,255
100,86,86,255
100,86,86,255
100,86,86,255
100,86,86,255
64,47,54,255
64,47,54,255
100,86,86,255
100,86,86,255
100,86,86,255
100,86,86,255
64,47,54,255
64,47,54,255
64,47,54,255
64,47,54,255
64,47,54,255
100,86,86,255
100,86,86,255
100,86,86,255
100,86,86,255
100,86,86,255
100,86,86,255
100,86,86,255
100,86,86,255
100,86,86,255
100,86,86,255
139,129,129,255
139,129,129,255
139,129,129,255
139,129,129,255
139,129,129,255
139,129,129,255
139,129,129,255
139,129,129,255
139,129,129,255
64,47,54,255
64,47,54,255
64,47,54,255
100,86,86,255
100,86,86,255
100,86,86,255
100,86,86,255
100,86,86,255
64,47,54,255
100,86,86,255
100,86,86,255
139,129,129,255
139,129,129,255
139,129,129,255
100,86,86,255
100,86,86,255
100,86,86,255
100,86,86,255
64,47,54,255
64,47,54,255
100,86,86,255
100,86,86,255
100,86,86,255
100,86,86,255
64,47,54,255
64,47,54,255
64,47,54,255
64,47,54,255
64,47,54,255
100,86,86,255
100,86,86,255
100,86,86,255
100,86,86,255
100,86,86,255
100,86,86,255
100,86,86,255
100,86,86,255
100,86,86,255
100,86,86,255
139,129,129,255
139,129,129,255
139,129,129,255
139,129,129,255
139,129,129,255
139,129,129,255
139,129,129,255
139,129,129,255
139,129,129,255
100,86,86,255
100,86,86,255
100,86,86,255
100,86,86,255
100,86,86,255
64,47,54,255
64,47,54,255
64,47,54,255
64,47,54,255
100,86,86,255
100,86,86,255
100,86,86,255
100,86,86,255
100,86,86,255
139,129,129,255
139,129,129,255
139,129,129,255
139,129,129,255
139,129,129,255
139,129,129,255
64,47,54,255
64,47,54,255
64,47,54,255
64,47,54,255
64,47,54,255
64,47,54,255
64,47,54,255
100,86,86,255
100,86,86,255
100,86,86,255
100,86,86,255
100,86,86,255
64,47,54,255
139,129,129,255
139,129,129,255
139,129,129,255
100,86,86,255
100,86,86,255
100,86,86,255
100,86,86,255
100,86,86,255
100,86,86,255
139,129,129,255
139,129,129,255
139,129,129,255
64,47,54,255
64,47,54,255
64,47,54,255
100,86,86,255
100,86,86,255
100,86,86,255
100,86,86,255
100,86,86,255
100,86,86,255
100,86,86,255
100,86,86,255
100,86,86,255
100,86,86,255
100,86,86,255
139,129,129,255
100,86,86,255
100,86,86,255
100,86,86,255
64,47,54,255
64,47,54,255
100,86,86,255
100,86,86,255
100,86,86,255
100,86,86,255
100,86,86,255
100,86,86,255
100,86,86,255
100,86,86,255
100,86,86,255
100,86,86,255
64,47,54,255
64,47,54,255
64,47,54,255
64,47,54,255
64,47,54,255
139,129,129,255
64,47,54,255
64,47,54,255
64,47,54,255
64,47,54,255
64,47,54,255
64,47,54,255
64,47,54,255
64,47,54,255
64,47,54,255
64,47,54,255
64,47,54,255
64,47,54,255
139,129,129,255
139,129,129,255
139,129,129,255
100,86,86,255
100,86,86,255
100,86,86,255
100,86,86,255
100,86,86,255
100,86,86,255
100,86,86,255
100,86,86,255
100,86,86,255
100,86,86,255
100,86,86,255
139,129,129,255
100,86,86,255
100,86,86,255
100,86,86,255
64,47,54,255
64,47,54,255
100,86,86,255
100,86,86,255
100,86,86,255
100,86,86,255
100,86,86,255
100,86,86,255
100,86,86,255
100,86,86,255
100,86,86,255
100,86,86,255
64,47,54,255
64,47,54,255
64,47,54,255
64,47,54,255
64,47,54,255
139,129,129,255
64,47,54,255
64,47,54,255
64,47,54,255
64,47,54,255
64,47,54,255
64,47,54,255
64,47,54,255
64,47,54,255
64,47,54,255
64,47,54,255
64,47,54,255
64,47,54,255
139,129,129,255
139,129,129,255
139,129,129,255
100,86,86,255
100,86,86,255
100,86,86,255
100,86,86,255
100,86,86,255
64,47,54,255
64,47,54,255
64,47,54,255
100,86,86,255
100,86,86,255
100,86,86,255
64,47,54,255
64,47,54,255
64,47,54,255
64,47,54,255
64,47,54,255
64,47,54,255
64,47,54,255
64,47,54,255
64,47,54,255
64,47,54,255
100,86,86,255
100,86,86,255
100,86,86,255
100,86,86,255
100,86,86,255
100,86,86,255
139,129,129,255
139,129,129,255
139,129,129,255
100,86,86,255
100,86,86,255
64,47,54,255
64,47,54,255
64,47,54,255
100,86,86,255
100,86,86,255
100,86,86,255
100,86,86,255
100,86,86,255
100,86,86,255
100,86,86,255
100,86,86,255
100,86,86,255
100,86,86,255
64,47,54,255
64,47,54,255
64,47,54,255
64,47,54,255
64,47,54,255
64,47,54,255
64,47,54,255
64,47,54,255
64,47,54,255
100,86,86,255
100,86,86,255
100,86,86,255
64,47,54,255
64,47,54,255
64,47,54,255
100,86,86,255
100,86,86,255
100,86,86,255
100,86,86,255
100,86,86,255
100,86,86,255
100,86,86,255
100,86,86,255
100,86,86,255
100,86,86,255
100,86,86,255
64,47,54,255
64,47,54,255
64,47,54,255
64,47,54,255
100,86,86,255
100,86,86,255
100,86,86,255
64,47,54,255
64,47,54,255
100,86,86,255
100,86,86,255
100,86,86,255
100,86,86,255
100,86,86,255
100,86,86,255
64,47,54,255
100,86,86,255
100,86,86,255
100,86,86,255
100,86,86,255
100,86,86,255
100,86,86,255
100,86,86,255
100,86,86,255
100,86,86,255
64,47,54,255
64,47,54,255
64,47,54,255
64,47,54,255
64,47,54,255
64,47,54,255
100,86,86,255
100,86,86,255
100,86,86,255
64,47,54,255
64,47,54,255
64,47,54,255
100,86,86,255
100,86,86,255
100,86,86,255
100,86,86,255
100,86,86,255
100,86,86,255
100,86,86,255
100,86,86,255
100,86,86,255
100,86,86,255
100,86,86,255
64,47,54,255
64,47,54,255
64,47,54,255
64,47,54,255
100,86,86,255
100,86,86,255
100,86,86,255
64,47,54,255
64,47,54,255
100,86,86,255
100,86,86,255
100,86,86,255
100,86,86,255
100,86,86,255
100,86,86,255
64,47,54,255
100,86,86,255
100,86,86,255
100,86,86,255
100,86,86,255
100,86,86,255
100,86,86,255
100,86,86,255
100,86,86,255
100,86,86,255
139,129,129,255
139,129,129,255
139,129,129,255
139,129,129,255
139,129,129,255
139,129,129,255
100,86,86,255
100,86,86,255
139,129,129,255
139,129,129,255
139,129,129,255
139,129,129,255
139,129,129,255
139,129,129,255
139,129,129,255
139,129,129,255
139,129,129,255
139,129,129,255
139,129,129,255
139,129,129,255
139,129,129,255
139,129,129,255
139,129,129,255
139,129,129,255
100,86,86,255
100,86,86,255
100,86,86,255
64,47,54,255
64,47,54,255
64,47,54,255
64,47,54,255
64,47,54,255
64,47,54,255
139,129,129,255
139,129,129,255
64,47,54,255
64,47,54,255
64,47,54,255
100,86,86,255
100,86,86,255
100,86,86,255
64,47,54,255
64,47,54,255
64,47,54,255
64,47,54,255
64,47,54,255
64,47,54,255
100,86,86,255
100,86,86,255
100,86,86,255
64,47,54,255
100,86,86,255
100,86,86,255
100,86,86,255
100,86,86,255
100,86,86,255
100,86,86,255
100,86,86,255
100,86,86,255
100,86,86,255
100,86,86,255
100,86,86,255
100,86,86,255
100,86,86,255
100,86,86,255
100,86,86,255
64,47,54,255
64,47,54,255
64,47,54,255
64,47,54,255
64,47,54,255
64,47,54,255
64,47,54,255
64,47,54,255
64,47,54,255
64,47,54,255
64,47,54,255
64,47,54,255
64,47,54,255
64,47,54,255
64,47,54,255
64,47,54,255
64,47,54,255
100,86,86,255
139,129,129,255
139,129,129,255
64,47,54,255
64,47,54,255
64,47,54,255
100,86,86,255
100,86,86,255
100,86,86,255
100,86,86,255
100,86,86,255
100,86,86,255
100,86,86,255
100,86,86,255
100,86,86,255
64,47,54,255
100,86,86,255
100,86,86,255
100,86,86,255
100,86,86,255
100,86,86,255
100,86,86,255
100,86,86,255
100,86,86,255
100,86,86,255
100,86,86,255
100,86,86,255
100,86,86,255
100,86,86,255
100,86,86,255
100,86,86,255
64,47,54,255
64,47,54,255
64,47,54,255
64,47,54,255
64,47,54,255
64,47,54,255
64,47,54,255
64,47,54,255
64,47,54,255
64,47,54,255
64,47,54,255
64,47,54,255
64,47,54,255
64,47,54,255
64,47,54,255
64,47,54,255
64,47,54,255
100,86,86,255
139,129,129,255
139,129,129,255
64,47,54,255
64,47,54,255
64,47,54,255
100,86,86,255
100,86,86,255
100,86,86,255
100,86,86,255
100,86,86,255
100,86,86,255
100,86,86,255
100,86,86,255
100,86,86,255
100,86,86,255
64,47,54,255
64,47,54,255
100,86,86,255
100,86,86,255
100,86,86,255
100,86,86,255
100,86,86,255
100,86,86,255
64,47,54,255
64,47,54,255
64,47,54,255
100,86,86,255
100,86,86,255
100,86,86,255
100,86,86,255
100,86,86,255
100,86,86,255
100,86,86,255
100,86,86,255
100,86,86,255
100,86,86,255
100,86,86,255
100,86,86,255
100,86,86,255
100,86,86,255
100,86,86,255
100,86,86,255
100,86,86,255
100,86,86,255
64,47,54,255
64,47,54,255
64,47,54,255
100,86,86,255
64,47,54,255
64,47,54,255
100,86,86,255
100,86,86,255
100,86,86,255
100,86,86,255
100,86,86,255
100,86,86,255
100,86,86,255
100,86,86,255
100,86,86,255
100,86,86,255
64,47,54,255
64,47,54,255
100,86,86,255
100,86,86,255
100,86,86,255
100,86,86,255
100,86,86,255
100,86,86,255
100,86,86,255
100,86,86,255
100,86,86,255
100,86,86,255
64,47,54,255
64,47,54,255
64,47,54,255
64,47,54,255
64,47,54,255
64,47,54,255
64,47,54,255
64,47,54,255
64,47,54,255
64,47,54,255
64,47,54,255
64,47,54,255
64,47,54,255
64,47,54,255
64,47,54,255
64,47,54,255
64,47,54,255
64,47,54,255
64,47,54,255
64,47,54,255
64,47,54,255
64,47,54,255
64,47,54,255
64,47,54,255
64,47,54,255
64,47,54,255
64,47,54,255
64,47,54,255
64,47,54,255
64,47,54,255
64,47,54,255
64,47,54,255
64,47,54,255
64,47,54,255
64,47,54,255
100,86,86,255
64,47,54,255
64,47,54,255
100,86,86,255
100,86,86,255
100,86,86,255
100,86,86,255
100,86,86,255
100,86,86,255
100,86,86,255
100,86,86,255
100,86,86,255
100,86,86,255
64,47,54,255
64,47,54,255
64,47,54,255
64,47,54,255
64,47,54,255
64,47,54,255
64,47,54,255
64,47,54,255
64,47,54,255
64,47,54,255
64,47,54,255
64,47,54,255
64,47,54,255
64,47,54,255
64,47,54,255
64,47,54,255
64,47,54,255
64,47,54,255
64,47,54,255
64,47,54,255
64,47,54,255
64,47,54,255
64,47,54,255
64,47,54,255
64,47,54,255
64,47,54,255
64,47,54,255
64,47,54,255
64,47,54,255
64,47,54,255
64,47,54,255
64,47,54,255
64,47,54,255
64,47,54,255
64,47,54,255
100,86,86,255
64,47,54,255
64,47,54,255
64,47,54,255
64,47,54,255
64,47,54,255
64,47,54,255
64,47,54,255
64,47,54,255
64,47,54,255
64,47,54,255
64,47,54,255
64,47,54,255
64,47,54,255
64,47,54,255
64,47,54,255
64,47,54,255
64,47,54,255
64,47,54,255
64,47,54,255
64,47,54,255
64,47,54,255
64,47,54,255
64,47,54,255
64,47,54,255
64,47,54,255
64,47,54,255
64,47,54,255
64,47,54,255
64,47,54,255
64,47,54,255
64,47,54,255
64,47,54,255
64,47,54,255
64,47,54,255
64,47,54,255
64,47,54,255
64,47,54,255
64,47,54,255
64,47,54,255
64,47,54,255
64,47,54,255
64,47,54,255
64,47,54,255
64,47,54,255
64,47,54,255
64,47,54,255
64,47,54,255
64,47,54,255
